1.000000000000000000e+00
4.413793103448275801e+00
7.827586206896551602e+00
1.124137931034482740e+01
1.465517241379310320e+01
1.806896551724138078e+01
2.148275862068965480e+01
2.489655172413792883e+01
2.831034482758620641e+01
3.172413793103448398e+01
3.513793103448276156e+01
3.855172413793103203e+01
4.196551724137930961e+01
4.537931034482758719e+01
4.879310344827585766e+01
5.220689655172413524e+01
5.562068965517241281e+01
5.903448275862069039e+01
6.244827586206896797e+01
6.586206896551723844e+01
6.927586206896552312e+01
7.268965517241379359e+01
7.610344827586206407e+01
7.951724137931034875e+01
8.293103448275861922e+01
8.634482758620688969e+01
8.975862068965517437e+01
9.317241379310344485e+01
9.658620689655171532e+01
1.000000000000000000e+02
